5.008000000000000000e+04 7.099684477000000049e-01 7.069268823000000035e-01 1.004302517666472383e+00
5.008100000000000000e+04 7.075406313000000003e-01 7.091619371999999810e-01 9.977137719680763128e-01
5.008200000000000000e+04 7.079808711999999726e-01 7.084103822999999744e-01 9.993936973388144462e-01
5.008300000000000000e+04 7.062196732000000088e-01 7.071914673000000429e-01 9.986258401791663353e-01
5.008400000000000000e+04 7.093184590000000123e-01 7.093852161999999462e-01 9.999058942892021795e-01
5.008500000000000000e+04 7.057822347000000107e-01 7.093077302000000417e-01 9.950296671671603477e-01
5.008600000000000000e+04 7.093806267000000165e-01 7.086022495999999560e-01 1.001098468288012633e+00
5.008700000000000000e+04 7.078984976000000096e-01 7.087664007999999738e-01 9.987754735565620434e-01
5.008800000000000000e+04 7.087109088999999917e-01 7.095525265000000026e-01 9.988138755503395139e-01
5.008900000000000000e+04 7.083942890000000103e-01 7.058147787999999867e-01 1.003654655977005206e+00
5.009000000000000000e+04 7.089198827999999564e-01 7.067431211000000379e-01 1.003079989935539595e+00
5.009100000000000000e+04 7.071724534000000117e-01 7.071237564000000253e-01 1.000068866304602677e+00
5.009200000000000000e+04 7.094876169999999593e-01 7.085053920999999644e-01 1.001386333697600550e+00
5.009300000000000000e+04 7.092565297999999796e-01 7.073008417999999686e-01 1.002765001657601518e+00
5.009400000000000000e+04 7.072666287000000107e-01 7.059933542999999867e-01 1.001803521792726359e+00
5.009500000000000000e+04 7.057954073000000106e-01 7.086601257000000320e-01 9.959575566677040248e-01
5.009600000000000000e+04 7.053957582000000004e-01 7.044134140000000155e-01 1.001394556350682974e+00
5.009700000000000000e+04 7.045368551999999784e-01 7.034257054000000453e-01 1.001579626379118571e+00
5.009800000000000000e+04 7.035149931999999939e-01 7.061189412999999693e-01 9.963123095165724585e-01
5.009900000000000000e+04 7.069112062000000307e-01 7.066711186999999894e-01 1.000339744321858904e+00
5.010000000000000000e+04 7.053349613999999601e-01 7.066071032999999835e-01 9.981996474503881389e-01
5.010100000000000000e+04 7.070029974000000550e-01 7.071084976000000522e-01 9.998508005484899597e-01
5.010200000000000000e+04 7.088693976000000063e-01 7.091599106999999513e-01 9.995903419022753589e-01
5.010300000000000000e+04 7.106343508000000364e-01 7.071550488000000190e-01 1.004920140223709346e+00
5.010400000000000000e+04 7.083079219000000259e-01 7.083659768000000190e-01 9.999180439181137858e-01
5.010500000000000000e+04 7.073358296999999739e-01 7.073882818000000183e-01 9.999258510476500827e-01
5.010600000000000000e+04 7.079316378000000132e-01 7.101714610999999566e-01 9.968460809499010145e-01
5.010700000000000000e+04 7.070744634000000195e-01 7.075464128999999769e-01 9.993329773264405524e-01
5.010800000000000000e+04 7.059592008999999724e-01 7.094666361999999449e-01 9.950562364443432672e-01
5.010900000000000000e+04 7.098289728000000132e-01 7.094717621999999668e-01 1.000503488114724115e+00
5.011000000000000000e+04 7.096199989000000485e-01 7.055112123000000235e-01 1.005823843091883996e+00
5.011100000000000000e+04 7.051128148999999956e-01 7.080292106000000141e-01 9.958809669765904538e-01
5.011200000000000000e+04 7.102316022000000340e-01 7.081142068000000345e-01 1.002990189124390863e+00
5.011300000000000000e+04 7.048137187999999886e-01 7.085309028999999814e-01 9.947536739967365316e-01
5.011400000000000000e+04 7.092945576000000418e-01 7.085846065999999999e-01 1.001001928341918923e+00
5.011500000000000000e+04 7.075962423999999640e-01 7.082457542000000217e-01 9.990829287769840139e-01
5.011600000000000000e+04 7.067865132999999744e-01 7.081977128999999982e-01 9.980073366881950792e-01
5.011700000000000000e+04 7.067459226000000205e-01 7.087633013999999898e-01 9.971536635770854584e-01
5.011800000000000000e+04 7.079870700999999489e-01 7.072685360999999560e-01 1.001015928128178967e+00
5.011900000000000000e+04 7.089607119999999929e-01 7.075549960000000471e-01 1.001986723304826965e+00
5.012000000000000000e+04 7.068820595999999457e-01 7.066894769999999548e-01 1.000272513750760206e+00
