5.008000000000000000e+04 7.094946504000000376e-01 7.077356577000000204e-01 1.002485380919927671e+00
5.008100000000000000e+04 7.084692121000000231e-01 7.070015669000000447e-01 1.002075872627036901e+00
5.008200000000000000e+04 7.083038687999999583e-01 7.066193818999999543e-01 1.002383867387660166e+00
5.008300000000000000e+04 7.081393003000000519e-01 7.076904774000000176e-01 1.000634207911980100e+00
5.008400000000000000e+04 7.086482643999999498e-01 7.085714936000000463e-01 1.000108345877153360e+00
5.008500000000000000e+04 7.048658132999999770e-01 7.088231444000000492e-01 9.944170402289137511e-01
5.008600000000000000e+04 7.066090702999999751e-01 7.084343432999999912e-01 9.974235114132135038e-01
5.008700000000000000e+04 7.097560763000000383e-01 7.066280245999999599e-01 1.004426730317935945e+00
5.008800000000000000e+04 7.080437540999999779e-01 7.092161179000000537e-01 9.983469583242531309e-01
5.008900000000000000e+04 7.076699734000000408e-01 7.109171748000000512e-01 9.954323773357796057e-01
5.009000000000000000e+04 7.067307233999999827e-01 7.075737118999999575e-01 9.988086209453198583e-01
5.009100000000000000e+04 7.070321441000000373e-01 7.083764672000000262e-01 9.981022476575009961e-01
5.009200000000000000e+04 7.099730967999999809e-01 7.080445885999999689e-01 1.002723710103926136e+00
5.009300000000000000e+04 7.075708508000000396e-01 7.072827816000000212e-01 1.000407289994177829e+00
5.009400000000000000e+04 7.090083956999999604e-01 7.087014914000000498e-01 1.000433051579154409e+00
5.009500000000000000e+04 7.062315941000000263e-01 7.071752547999999861e-01 9.986655914589844807e-01
5.009600000000000000e+04 7.048037052000000191e-01 7.088012694999999974e-01 9.943601056149068418e-01
5.009700000000000000e+04 7.057678103000000203e-01 7.065323591000000070e-01 9.989178856563994957e-01
5.009800000000000000e+04 7.044634818999999659e-01 7.055786847999999667e-01 9.984194492775584351e-01
5.009900000000000000e+04 7.092037200999999902e-01 7.072663903000000474e-01 1.002739179786527268e+00
5.010000000000000000e+04 7.068063020999999502e-01 7.073633074999999826e-01 9.992125610784525769e-01
5.010100000000000000e+04 7.068255543999999446e-01 7.072133421999999836e-01 9.994516678675862131e-01
5.010200000000000000e+04 7.075719833000000403e-01 7.061215042999999802e-01 1.002054149308818864e+00
5.010300000000000000e+04 7.082195878000000500e-01 7.073606849000000363e-01 1.001214236129226443e+00
5.010400000000000000e+04 7.080051899000000537e-01 7.071571349999999923e-01 1.001199245341702015e+00
5.010500000000000000e+04 7.083815336000000018e-01 7.051972747000000430e-01 1.004515415776889631e+00
5.010600000000000000e+04 7.070428729000000079e-01 7.088108658999999756e-01 9.975056914544402353e-01
5.010700000000000000e+04 7.078126668999999982e-01 7.114369869000000124e-01 9.949056345583148220e-01
5.010800000000000000e+04 7.102560997000000320e-01 7.062864304000000537e-01 1.005620480769751968e+00
5.010900000000000000e+04 7.099289894000000434e-01 7.062127590000000232e-01 1.005262196629330473e+00
5.011000000000000000e+04 7.073284984000000053e-01 7.086457014000000498e-01 9.981412389895292225e-01
5.011100000000000000e+04 7.110663055999999482e-01 7.094527483000000467e-01 1.002274368946862726e+00
5.011200000000000000e+04 7.095419764999999490e-01 7.069551944999999948e-01 1.003659046598885940e+00
5.011300000000000000e+04 7.082105874999999884e-01 7.092751265000000194e-01 9.984991169713604009e-01
5.011400000000000000e+04 7.094337344000000156e-01 7.084360719000000195e-01 1.001408260448009457e+00
5.011500000000000000e+04 7.090443373000000493e-01 7.070185542000000378e-01 1.002865247436528939e+00
5.011600000000000000e+04 7.072572111999999578e-01 7.079908848000000532e-01 9.989637245114993958e-01
5.011700000000000000e+04 7.111127972999999880e-01 7.070109843999999866e-01 1.005801625420969847e+00
5.011800000000000000e+04 7.072858810000000052e-01 7.075653671999999617e-01 9.996050029962518790e-01
5.011900000000000000e+04 7.086858152999999660e-01 7.090179920000000413e-01 9.995314975025343385e-01
5.012000000000000000e+04 7.091317772999999880e-01 7.088791728000000125e-01 1.000356343520437008e+00
